1729767944642 0.10430654175440171 0
1729767947108 0.10299264262264189 0
1729767949709 0.10431727025338898 0
1729767952201 0.10388793584937107 0
1729767954725 0.10429795826468229 0
1729767957201 0.10395053873039552 0
1729767959753 0.10432145556773423 0
1729767962213 0.104187020162812 0
1729767964632 0.10431139628344195 0
1729767967122 0.10414603273182815 0
1729767969661 0.10415061430526608 0
1729767972139 0.10432168388247111 0
1729767974587 0.10421458672352316 0
1729767977260 0.10414967267625382 0
1729767979896 0.1035682575585045 0
1729767982555 0.10430819515240053 0
1729767985404 0.10417833217035943 0
1729767988091 0.10361863458238266 0
1729767990684 0.10425000407239925 0
1729767993087 0.10426760520423907 0
1729767995585 0.10429735615067387 0
1729767998197 0.10432021990285471 0
1729768000753 0.10431922680614752 0
1729768003168 0.10430074077901591 0
1729768005659 0.10428567048434055 0
1729768008236 0.10431741963624643 0
1729768010918 0.10432161767787468 0
1729768013612 0.10432054953389401 0
1729768016352 0.1042217393782255 0
1729768019060 0.10430804734590984 0
1729768021728 0.10431340512598684 0
1729768024340 0.10426356213942228 0
1729768026987 0.10297611610656299 0
1729768029629 0.10298617741638785 0
1729768032275 0.10256002242031635 0
1729768034812 0.1029618069850614 0
1729768037323 0.10263009486483238 0
1729768039866 0.10299262832439486 0
1729768042417 0.10283470586741467 0
1729768044925 0.10297117940352145 0
1729768047378 0.10280888313384196 0
1729768049859 0.10283000554544064 0
1729768052332 0.10299259897427564 0
1729768054752 0.10288171125502216 0
1729768057271 0.10280508719552657 0
1729768059748 0.1022987904722309 0
1729768062109 0.10298069613738972 0
1729768064461 0.102835323963423 0
1729768066831 0.10229484648012485 0
1729768069218 0.10291747738737639 0
1729768071768 0.10293770866296309 0
1729768074175 0.10296570058655029 0
1729768076819 0.10299170110379198 0
1729768079446 0.10299105243374843 0
1729768082307 0.1029738899401942 0
1729768085092 0.102956753467792 0
1729768087971 0.1029873711005042 0
1729768090770 0.10299135280123996 0
1729768093610 0.10299212467301815 0
1729768096253 0.10288807688955746 0
1729768099111 0.1029781993932044 0
1729768101707 0.10298175000825151 0
1729768104486 0.10293911592280121 0
1729768107175 0.10228456007426236 0
1729768110115 0.10228906750396316 0
1729768113157 0.10188611962947718 0
1729768116321 0.10226013835405161 0
1729768119253 0.1019530972711399 0
1729768122090 0.10229481360759621 0
1729768124739 0.10212666978576575 0
1729768127325 0.10227170407074024 0
1729768130066 0.10209762419917258 0
1729768132781 0.10214126675748096 0
1729768135457 0.10229476405217035 0
1729768138043 0.10219123066183271 0
1729768140802 0.10211636696073446 0
1729768143373 0.10161545672408046 0
1729768145703 0.1022850472775202 0
1729768148090 0.10214591265309231 0
1729768150441 0.10222047758843368 0
1729768152763 0.10223861405196837 0
1729768155110 0.10226865817244762 0
1729768157446 0.10229438810498007 0
1729768159810 0.10229198721554802 0
1729768162111 0.1022761107513151 0
1729768164455 0.10226115105182006 0
1729768166734 0.10228984247407252 0
1729768169291 0.10229291719803124 0
1729768171818 0.10229398349089146 0
1729768174528 0.1021760423196225 0
1729768177175 0.10227915231032822 0
1729768180155 0.10228608385447652 0
1729768182938 0.10224090613092522 0
1729768185580 0.10160147366822997 0
1729768188081 0.10160707476721528 0
1729768190840 0.10122671556703619 0
1729768193329 0.10157526705299355 0
1729768195739 0.1012831101592249 0
1729768197993 0.10161517757997783 0
