1729767944642 0.32296523304281793 0
1729767947108 0.32092466814291776 0
1729767949709 0.3229818419871138 0
1729767952201 0.32231651501182973 0
1729767954725 0.3229519442032859 0
1729767957201 0.3224136143688655 0
1729767959753 0.32298832110114173 0
1729767962213 0.322780142144482 0
1729767964632 0.322972748515168 0
1729767967122 0.3227166446463959 0
1729767969661 0.32272374301446444 0
1729767972139 0.32298867454211316 0
1729767974587 0.3228228410808677 0
1729767977260 0.322722284133361 0
1729767979896 0.32182022552739675 0
1729767982555 0.32296779274782267 0
1729767985404 0.32276668379862167 0
1729767988091 0.32189848490227885 0
1729767990684 0.32287769212567047 0
1729767993087 0.32290494763047384 0
1729767995585 0.32295101199821913 0
1729767998197 0.32298640823238167 0
1729768000753 0.3229848708626265 0
1729768003168 0.3229562521132172 0
1729768005659 0.322932919480719 0
1729768008236 0.3229820732428449 0
1729768010918 0.32298857205460796 0
1729768013612 0.32298691851821804 0
1729768016352 0.3228339191879092 0
1729768019060 0.3229675639223076 0
1729768021728 0.32297585842596166 0
1729768024340 0.3228986871131908 0
1729768026987 0.3208989188304675 0
1729768029629 0.32091459520624466 0
1729768032275 0.3202499374243754 0
1729768034812 0.3208766226839553 0
1729768037323 0.3203593214889062 0
1729768039866 0.32092464586627634 0
1729768042417 0.32067850858361974 0
1729768044925 0.3208912267475093 0
1729768047378 0.32063824340499675 0
1729768049859 0.3206711797861489 0
1729768052332 0.320924600138842 0
1729768054752 0.3207517907276936 0
1729768057271 0.32063232400294045 0
1729768059748 0.3198418210181884 0
1729768062109 0.32090605500269037 0
1729768064461 0.32067947231374666 0
1729768066831 0.3198356554234141 0
1729768069218 0.3208075394802566 0
1729768071768 0.32083906972649556 0
1729768074175 0.320882689758345 0
1729768076819 0.32092320125505414 0
1729768079446 0.32092219062219496 0
1729768082307 0.3208954501706034 0
1729768085092 0.32086874803849624 0
1729768087971 0.32091645501672894 0
1729768090770 0.32092265859742586 0
1729768093610 0.32092386117741095 0
1729768096253 0.3207617135656272 0
1729768099111 0.3209021648309721 0
1729768101707 0.32090769702244837 0
1729768104486 0.32084126281200365 0
1729768107175 0.31981957425126806 0
1729768110115 0.31982662100576176 0
1729768113157 0.3191960520267711 0
1729768116321 0.31978139150684115 0
1729768119253 0.3193009509399242 0
1729768122090 0.3198356040336914 0
1729768124739 0.31957263616549797 0
1729768127325 0.31979947478183923 0
1729768130066 0.31952718851323525 0
1729768132781 0.31959547361857454 0
1729768135457 0.31983552656352976 0
1729768138043 0.31967363147721883 0
1729768140802 0.3195565160667741 0
1729768143373 0.3187717941162305 0
1729768145703 0.3198203359349124 0
1729768148090 0.3196027419361297 0
1729768150441 0.3197193731828487 0
1729768152763 0.31974773502242104 0
1729768155110 0.31979471254610764 0
1729768157446 0.3198349388434292 0
1729768159810 0.31983118549564243 0
1729768162111 0.31980636446342825 0
1729768164455 0.3197829749249013 0
1729768166734 0.3198278325506905 0
1729768169291 0.3198326393569475 0
1729768171818 0.3198343063070181 0
1729768174528 0.3196498745809585 0
1729768177175 0.31981111974152526 0
1729768180155 0.3198219564921654 0
1729768182938 0.3197513192012274 0
1729768185580 0.31874986065601657 0
1729768188081 0.3187586465763953 0
1729768190840 0.31816146147363006 0
1729768193329 0.3187087495708167 0
1729768195739 0.31825007487701384 0
1729768197993 0.3187713562727646 0
