1729767944643 0.0001451833399546132 0
1729767947109 0.012739871586725848 0
1729767949710 4.2342796997996146e-05 0
1729767952203 0.004157828408877684 0
1729767954726 0.00022746239355342368 0
1729767957201 0.0035577338119685553 0
1729767959754 2.2234848537916463e-06 0
1729767962215 0.0012908855848553502 0
1729767964633 9.864911341561644e-05 0
1729767967123 0.0016837802164136884 0
1729767969662 0.0016398624698108488 0
1729767972140 3.49204017924265e-08 0
1729767974589 0.0010266398525915488 0
1729767977261 0.0016488886755269272 0
1729767979897 0.007222179632957126 0
1729767982557 0.00012933430570261084 0
1729767985405 0.0013741663739093024 0
1729767988093 0.006739278856779829 0
1729767990685 0.0006871385493034676 0
1729767993089 0.0005184187724542877 0
1729767995586 0.00023323409858133637 0
1729767998200 1.4068240329123682e-05 0
1729768000754 2.35878017046387e-05 0
1729768003169 0.00020078994988781407 0
1729768005660 0.0003452497935966248 0
1729768008237 4.091085258661753e-05 0
1729768010919 6.695400864842327e-07 0
1729768013613 1.0908484700866694e-05 0
1729768016354 0.0009580764035905798 0
1729768019061 0.0001307511394808003 0
1729768021729 7.939288211278317e-05 0
1729768024341 0.0005571745183847732 0
1729768026988 0.012898290382193256 0
1729768029630 0.012801845337413686 0
1729768032276 0.016886853988827832 0
1729768034813 0.013035453821943932 0
1729768037324 0.01621515813940122 0
1729768039867 0.012740008645925727 0
1729768042418 0.014253811391320426 0
1729768044926 0.012945612306892063 0
1729768047379 0.014501341259608003 0
1729768049860 0.014298867429863527 0
1729768052333 0.012740289988376396 0
1729768054753 0.013803230225289731 0
1729768057272 0.014537728116506443 0
1729768059749 0.019390954088069456 0
1729768062110 0.012854387422651659 0
1729768064462 0.014247886487084305 0
1729768066831 0.01942876014929784 0
1729768069220 0.013460385576179568 0
1729768071770 0.013266453939656198 0
1729768074176 0.012998130791793239 0
1729768076820 0.012748896736454962 0
1729768079449 0.01275511471527535 0
1729768082308 0.012919629821974032 0
1729768085093 0.013083895496817766 0
1729768087972 0.012790402998388517 0
1729768090771 0.012752235472246909 0
1729768093611 0.012744836514307356 0
1729768096255 0.013742210942662147 0
1729768099112 0.012878320549545297 0
1729768101708 0.012844285296365276 0
1729768104487 0.013252964320464744 0
1729768107176 0.019527362904932843 0
1729768110116 0.019484155880509335 0
1729768113158 0.023346707225719965 0
1729768116322 0.019761463031091053 0
1729768119255 0.022704677334798307 0
1729768122091 0.01942907525663007 0
1729768124740 0.021040857291784287 0
1729768127325 0.019650597141524062 0
1729768130068 0.02131928057348287 0
1729768132783 0.02090093459630782 0
1729768135459 0.019429550281785724 0
1729768138044 0.020421993874230604 0
1729768140805 0.021139617437212155 0
1729768143374 0.025941209977899504 0
1729768145703 0.019522692703851874 0
1729768148091 0.02085640027442759 0
1729768150442 0.020141640600671362 0
1729768152764 0.01996778927632159 0
1729768155111 0.019679794313894217 0
1729768157447 0.019433154011740617 0
1729768159810 0.019456168300418186 0
1729768162114 0.019608355871473915 0
1729768164457 0.019751755579146324 0
1729768166735 0.019476727222789703 0
1729768169292 0.01944725373523737 0
1729768171818 0.019437032534971976 0
1729768174529 0.020567585290267587 0
1729768177176 0.01957920029428506 0
1729768180156 0.019512756352351945 0
1729768182939 0.01994581801597095 0
1729768185582 0.026075247838886817 0
1729768188082 0.026021557191062805 0
1729768190841 0.029667579501489794 0
1729768193331 0.026326457494884936 0
1729768195740 0.0291269959131063 0
1729768197996 0.025943885779156628 0
