1729767944642 0.22015434270205492 0
1729767947108 0.21752074464992294 0
1729767949709 0.22018210803829147 0
1729767952201 0.2193964118509599 0
1729767954725 0.2201164705748442 0
1729767957201 0.2193873834452621 0
1729767959753 0.2201880633398111 0
1729767962213 0.21992766064033967 0
1729767964632 0.2201532151346651 0
1729767967122 0.21985101895609668 0
1729767969661 0.21985055499554312 0
1729767972139 0.2201879924266559 0
1729767974587 0.21992697517720258 0
1729767977260 0.21990514164078234 0
1729767979896 0.21847651853840674 0
1729767982555 0.22014832023574588 0
1729767985404 0.2198661091345871 0
1729767988091 0.21872943771074177 0
1729767990684 0.22001479337623422 0
1729767993087 0.2200653967046464 0
1729767995585 0.22013965708416974 0
1729767998197 0.22018431695022683 0
1729768000753 0.2201744123652839 0
1729768003168 0.2201338892955351 0
1729768005659 0.2201045230282331 0
1729768008236 0.2201833390823013 0
1729768010918 0.22018712441422972 0
1729768013612 0.2201849662941097 0
1729768016352 0.2199867413104685 0
1729768019060 0.22015846132624228 0
1729768021728 0.22015332944156935 0
1729768024340 0.22006662411860636 0
1729768026987 0.21748097572104158 0
1729768029629 0.2175109806499434 0
1729768032275 0.21670592749079495 0
1729768034812 0.21742930017081738 0
1729768037323 0.21673957018202164 0
1729768039866 0.21752105213864656 0
1729768042417 0.2172213746833271 0
1729768044925 0.21746935359671654 0
1729768047378 0.2171718297090665 0
1729768049859 0.2172357274105195 0
1729768052332 0.21751847410530858 0
1729768054752 0.21724485158438311 0
1729768057271 0.21721282646805692 0
1729768059748 0.215897583598796 0
1729768062109 0.2174866445165738 0
1729768064461 0.21716163451734724 0
1729768066831 0.2161134601788044 0
1729768069218 0.2173461056445273 0
1729768071768 0.21738873085350396 0
1729768074175 0.2174740549523391 0
1729768076819 0.217518874455812 0
1729768079446 0.21751315257031167 0
1729768082307 0.21748707651412477 0
1729768085092 0.2174372523475914 0
1729768087971 0.21751800876003852 0
1729768090770 0.2175177230711849 0
1729768093610 0.2175200250353048 0
1729768096253 0.21731789967495593 0
1729768099111 0.21748712887689842 0
1729768101707 0.21747465831011575 0
1729768104486 0.21740158581104815 0
1729768107175 0.21609557009880156 0
1729768110115 0.21610019264601735 0
1729768113157 0.21534369467717665 0
1729768116321 0.2160066354432182 0
1729768119253 0.21537208508551717 0
1729768122090 0.2161140865330917 0
1729768124739 0.21578679048937977 0
1729768127325 0.21605940131485227 0
1729768130066 0.2157154984455212 0
1729768132781 0.2158462003496886 0
1729768135457 0.21611547477595788 0
1729768138043 0.2158478300906968 0
1729768140802 0.2158228213227991 0
1729768143373 0.21453851582768788 0
1729768145703 0.21608438048558923 0
1729768148090 0.21577750945008473 0
1729768150441 0.21594598508337945 0
1729768152763 0.21597255460113896 0
1729768155110 0.21606795316434274 0
1729768157446 0.21611186426715737 0
1729768159810 0.21610618773619295 0
1729768162111 0.21607926757620075 0
1729768164455 0.21603422159925548 0
1729768166734 0.21610884348942735 0
1729768169291 0.21610998973118511 0
1729768171818 0.2161112368269502 0
1729768174528 0.2158959275081203 0
1729768177175 0.21607387690578156 0
1729768180155 0.21607660287537245 0
1729768182938 0.215983331735079 0
1729768185580 0.2145128190731846 0
1729768188081 0.21451624422570478 0
1729768190840 0.21441499560779836 0
1729768193329 0.21441651674860732 0
1729768195739 0.21432653272670701 0
1729768197993 0.2145392585955957 0
