1729768256146 0.21903759410793094 0
1729768258633 0.21632620724547152 0
1729768261362 0.2188478275244256 0
1729768263992 0.21818305998323093 0
1729768266649 0.21902810630383684 0
1729768269274 0.21862604239461722 0
1729768271829 0.21907114729465904 0
1729768274502 0.21855173565322958 0
1729768277092 0.21901860788758862 0
1729768279675 0.21903286828563415 0
1729768282023 0.21907070229036704 0
1729768284491 0.21881608020875362 0
1729768287005 0.21901301966903758 0
1729768289419 0.21905235357284572 0
1729768291861 0.21832355460313435 0
1729768294384 0.21892755362357785 0
1729768297005 0.21826549513738783 0
1729768299715 0.21866543292773846 0
1729768302377 0.21903716419505417 0
1729768304981 0.21899075915467178 0
1729768307585 0.21900610680355084 0
1729768310311 0.21904080854361785 0
