1729768256146 0.1030245677772023 0
1729768258633 0.10172085990785971 0
1729768261362 0.10294215502374383 0
1729768263992 0.10260938064174743 0
1729768266649 0.1030252957516287 0
1729768269274 0.10281430538570735 0
1729768271829 0.10303926332152684 0
1729768274502 0.10280921323097565 0
1729768277092 0.10301039103270214 0
1729768279675 0.10301745996349893 0
1729768282023 0.10303937073367457 0
1729768284491 0.10292976530109216 0
1729768287005 0.1030003135370763 0
1729768289419 0.10302715787157543 0
1729768291861 0.10270385303285233 0
1729768294384 0.10297891010291842 0
1729768297005 0.10266072194109162 0
1729768299715 0.10286751821343121 0
1729768302377 0.10302534866391942 0
1729768304981 0.10299949553340502 0
1729768307585 0.10300935468675686 0
1729768310311 0.10302919952544035 0
