1729768256147 0.0001452330794530221 0
1729768258633 0.01279773486575475 0
1729768261363 0.0009450499209920915 0
1729768263993 0.0041746296156887075 0
1729768266651 0.00013816807819988508 0
1729768269275 0.0021858323168598703 0
1729768271829 2.6126311231111643e-06 0
1729768274503 0.0022352517445968223 0
1729768277093 0.0002828185687563378 0
1729768279676 0.00021421450366110317 0
1729768282023 1.5701948357094153e-06 0
1729768284492 0.0010652923400711334 0
1729768287006 0.0003806207945508122 0
1729768289420 0.00012009617995778488 0
1729768291862 0.003257773834328903 0
1729768294385 0.0005883414007417098 0
1729768297007 0.0036763616394501764 0
1729768299716 0.0016694011334156267 0
1729768302380 0.00013765456373215912 0
1729768304983 0.00038855953079330874 0
1729768307586 0.0002928763196009543 0
1729768310314 0.00010028190271038628 0
