1729768256146 0.32097440361686524 0
1729768258633 0.3189370782895268 0
1729768261362 0.3208459989212018 0
1729768263992 0.3203269901861962 0
1729768266649 0.32097553762183917 0
1729768269274 0.32064669869765905 0
1729768271829 0.3209972948819458 0
1729768274502 0.32063875815468046 0
1729768277092 0.32095231893959286 0
1729768279675 0.3209633311820821 0
1729768282023 0.3209974621919534 0
1729768284491 0.32082669044375367 0
1729768287005 0.32093661918995203 0
1729768289419 0.320978438328146 0
1729768291861 0.32047441868712756 0
1729768294384 0.32090327219104264 0
1729768297005 0.320407119054948 0
1729768299715 0.32072966531556013 0
1729768302377 0.3209756200460082 0
1729768304981 0.32093534478677327 0
1729768307585 0.32095070444969714 0
1729768310311 0.32098161867222297 0
