1729768256146 0.0001452330794530221 0
1729768258633 0.01279773486575475 0
1729768261362 0.0009450499209920915 0
1729768263992 0.0041746296156887075 0
1729768266649 0.00013816807819988508 0
1729768269274 0.0021858323168598703 0
1729768271829 2.6126311231111643e-06 0
1729768274502 0.0022352517445968223 0
1729768277092 0.0002828185687563378 0
1729768279675 0.00021421450366110317 0
1729768282023 1.5701948357094153e-06 0
1729768284491 0.0010652923400711334 0
1729768287005 0.0003806207945508122 0
1729768289419 0.00012009617995778488 0
1729768291861 0.003257773834328903 0
1729768294384 0.0005883414007417098 0
1729768297005 0.0036763616394501764 0
1729768299715 0.0016694011334156267 0
1729768302377 0.00013765456373215912 0
1729768304981 0.00038855953079330874 0
1729768307585 0.0002928763196009543 0
1729768310311 0.00010028190271038628 0
