1729757819960 0.6390355993390954 0
1729757823171 0.6623063208908506 0
1729757826151 0.7240220393708292 0
1729757829201 0.7778643154030045 0
1729757832066 0.6221504205679947 0
1729757835114 0.7387926560942069 0
1729757838139 0.7783450756513357 0
1729757841256 0.8488058373142352 0
1729757844202 0.6695059258158689 0
1729757847190 0.734703608060659 0
1729757849966 0.6721842713270108 0
1729757852846 0.5679235607650339 0
1729757855915 0.6510854372121166 0
1729757858795 0.7509733213200777 0
1729757861657 0.7113875232803855 0
1729757864598 0.6602295811093097 0
1729757867330 0.6861928149238781 0
1729757870159 0.6888329296434903 0
1729757873063 0.7570135066030618 0
1729757876033 0.7175883764411668 0
1729757878748 0.9264485489737562 0
1729757881714 0.6392456434651779 0
1729757884496 0.5896565683582102 0
1729757887291 0.6695002384611941 0
1729757890296 0.5255795521268594 0
1729757893153 0.8973202419783122 0
1729757896210 0.694071909004844 0
1729757899144 0.7433012654197906 0
1729757901973 0.5813037867253623 0
1729757904821 0.6849016606907185 0
1729757907725 0.6608140199910092 0
1729757910600 0.7243610730032903 0
1729757913526 0.7804234080469831 0
1729757916351 0.7158658936130144 0
1729757919303 0.7200581035020917 0
1729757922330 0.5690942216725536 0
1729757925159 0.8981155766277414 0
1729757928053 0.7246674930120653 0
1729757930902 0.722132600208725 0
1729757933771 0.5579870994197743 0
1729757936707 0.8167729344332211 0
1729757940088 0.7189835427402944 0
1729757943471 0.6058290002750752 0
1729757946737 0.5706387332687768 0
1729757950200 0.5766351618719037 0
1729757953485 0.640476593692938 0
1729757956942 0.7215540719701208 0
1729757960480 0.7169379445201307 0
1729757963918 0.6745269104482806 0
1729757967359 0.5609511300636184 0
1729757970793 0.8689887738366762 0
1729757974195 0.5750580582305285 0
1729757977526 0.7186839420711277 0
1729757980759 0.6522903151288371 0
1729757984419 0.7994021693744492 0
1729757987941 0.6026225872509059 0
1729757991335 0.6917766852029275 0
1729757994796 0.7198232740211116 0
1729757999142 0.7125828148838168 0
1729758002689 0.6082727499772913 0
1729758005852 0.6466174867180263 0
1729758009025 0.5938386853192452 0
1729758012019 0.7858991061699092 0
1729758014904 0.7742577811206645 0
1729758017782 0.7300950828919278 0
1729758020901 0.7587799272774094 0
1729758023988 0.6206959693503871 0
1729758026789 0.7330264736855561 0
1729758029731 0.641747925925917 0
1729758032563 0.6146639315872127 0
1729758035479 0.6107193440476242 0
1729758038419 0.7911042419186974 0
1729758041244 0.6963430760208287 0
1729758044046 0.6747399060701134 0
1729758046762 0.780894019140621 0
1729758049608 0.6994037343067274 0
1729758052389 0.6164020500141427 0
1729758055242 0.7819768634321012 0
1729758058169 0.6844687740392144 0
1729758061074 0.6052037145197329 0
1729758063797 0.6349361098176621 0
1729758066532 0.6243618840303884 0
1729758069438 0.7483527842825773 0
1729758072156 0.6389805082636221 0
1729758074946 0.7558666852440525 0
1729758077825 0.741612388565172 0
1729758080668 0.6489248176103257 0
1729758083647 0.761518922949109 0
1729758086543 0.80281382869296 0
1729758089492 0.6608404336270545 0
1729758092433 0.6736355172948233 0
1729758095416 0.7033308415931109 0
1729758098281 0.7479562579760939 0
1729758101213 0.7142477014889239 0
1729758103947 0.6481575133048612 0
1729758106640 0.9088488519692288 0
1729758109524 0.7114494403959541 0
1729758112278 0.7046677004938768 0
1729758115101 0.6766677210121621 0
1729758117962 0.5702499021548648 0
