1729757819958 0.013796903542438278 0
1729757823169 0.008455063286889327 0
1729757826149 0.00799538507841377 0
1729757829199 0.006409657622403208 0
1729757832064 0.010529499915372095 0
1729757835112 0.007673699830628505 0
1729757838136 0.0065614855052133275 0
1729757841253 0.0063945010552928245 0
1729757844200 0.010164301514773611 0
1729757847188 0.008885737818634753 0
1729757849964 0.010140843137542859 0
1729757852843 0.01125760120620917 0
1729757855912 0.013600482795866977 0
1729757858793 0.006887787798622208 0
1729757861655 0.009380586750132593 0
1729757864596 0.00995397712590107 0
1729757867328 0.009801691869915068 0
1729757870157 0.009863805088331564 0
1729757873061 0.006906501469010631 0
1729757876031 0.009289354883171758 0
1729757878746 0.004256727265861973 0
1729757881713 0.010364997216541683 0
1729757884495 0.011006184071870479 0
1729757887289 0.008517784574015665 0
1729757890294 0.013128596176271781 0
1729757893151 0.005027444577787623 0
1729757896208 0.008454063209919399 0
1729757899142 0.007423171204983807 0
1729757901971 0.0111825354401171 0
1729757904820 0.009681579294596794 0
1729757907724 0.010131665236349091 0
1729757910598 0.007208994504710109 0
1729757913525 0.006564328323783623 0
1729757916349 0.007439817665964416 0
1729757919302 0.007357072595145031 0
1729757922328 0.011478659495963 0
1729757925157 0.005090110238023842 0
1729757928051 0.0071677830692411315 0
1729757930900 0.007413670183783312 0
1729757933769 0.010998963319455884 0
1729757936704 0.007447747630863642 0
1729757940085 0.007808460127123664 0
1729757943469 0.010876239111577679 0
1729757946736 0.011375169082633212 0
1729757950198 0.011352760936827992 0
1729757953482 0.010377897134582457 0
1729757956940 0.00927024690418568 0
1729757960477 0.009258655606766244 0
1729757963916 0.008414486077853861 0
1729757967357 0.012396469680585115 0
1729757970791 0.004838702406486963 0
1729757974193 0.011472806225168122 0
1729757977525 0.007808904486558593 0
1729757980757 0.010229812563991763 0
1729757984418 0.006043469195243499 0
1729757987939 0.010938323005820075 0
1729757991333 0.009534318677078489 0
1729757994794 0.007463896860058287 0
1729757999138 0.009290262756080614 0
1729758002687 0.009554902308065508 0
1729758005850 0.010236815149604589 0
1729758009023 0.01123114996591886 0
1729758012016 0.006281964988409001 0
1729758014902 0.006771786503383437 0
1729758017779 0.00799226045506543 0
1729758020899 0.006976330280021764 0
1729758023985 0.009627918790639529 0
1729758026787 0.008915350901398588 0
1729758029729 0.010541411389748637 0
1729758032561 0.010742082936280376 0
1729758035476 0.010787261220409612 0
1729758038418 0.0063244468069907946 0
1729758041242 0.00952228678815629 0
1729758044044 0.009412618400659403 0
1729758046760 0.006397069226751455 0
1729758049606 0.009461466220910392 0
1729758052387 0.010638546195731105 0
1729758055240 0.006520322727640421 0
1729758058167 0.00870194884240331 0
1729758061072 0.010907017509890727 0
1729758063795 0.010499146540831342 0
1729758066530 0.010532582958942886 0
1729758069436 0.0077014014961594955 0
1729758072154 0.00925918236507009 0
1729758074944 0.006703003569442621 0
1729758077823 0.008834634708192141 0
1729758080667 0.010349184540152191 0
1729758083644 0.006842176525062177 0
1729758086540 0.007627267821161413 0
1729758089490 0.010131329284674554 0
1729758092430 0.009821855212381181 0
1729758095414 0.009383330275397445 0
1729758098279 0.008168070373120536 0
1729758101211 0.008894656089697058 0
1729758103945 0.010266934081776442 0
1729758106638 0.004729587351251911 0
1729758109522 0.007395214267672833 0
1729758112276 0.007768925827979262 0
1729758115099 0.009825587007698902 0
1729758117960 0.011669127438588533 0
