1729757819958 0.00034992414617959164 0
1729757823169 0.00011471108430218767 0
1729757826149 9.760650892595853e-05 0
1729757829199 6.112921137246377e-05 0
1729757832064 0.00018907344214316236 0
1729757835112 8.98317652341135e-05 0
1729757838136 6.484453641140807e-05 0
1729757841253 5.6046059471775254e-05 0
1729757844200 0.00016672848166583959 0
1729757847188 0.0001126620377911959 0
1729757849964 0.00016685641602865025 0
1729757852843 0.00023358890693786876 0
1729757855912 0.00039286618628160664 0
1729757858793 7.2436496944609e-05 0
1729757861655 0.00013072739788243286 0
1729757864596 0.0001547393848843202 0
1729757867328 0.00014951886738877315 0
1729757870157 0.00015289816407834404 0
1729757873061 7.088096332347698e-05 0
1729757876031 0.00013916835818440803 0
1729757878746 3.6185242714425496e-05 0
1729757881713 0.00017552686068762017 0
1729757884495 0.00021035938183383687 0
1729757887289 0.00011550705153473498 0
1729757890294 0.00032654660984785726 0
1729757893151 4.4186848175895715e-05 0
1729757896208 0.00011211524891255029 0
1729757899142 8.450424253648661e-05 0
1729757901971 0.00021684200124778684 0
1729757904820 0.000142048296987925 0
1729757907724 0.00016438187591241515 0
1729757910598 8.004914423994715e-05 0
1729757913525 6.45431511769865e-05 0
1729757916349 8.74791460926938e-05 0
1729757919302 8.460806622029364e-05 0
1729757922328 0.00023699931674722746 0
1729757925157 4.415818435505573e-05 0
1729757928051 7.928962238709104e-05 0
1729757930900 8.634273787579992e-05 0
1729757933769 0.00021179046511038874 0
1729757936704 8.216240332632688e-05 0
1729757940085 9.463542696184868e-05 0
1729757943469 0.00019947185337785352 0
1729757946736 0.00023493319582019689 0
1729757950198 0.00023189238481427017 0
1729757953482 0.00017716982365924034 0
1729757956940 0.0001279464648857047 0
1729757960477 0.00012518416365289188 0
1729757963916 0.00011346824251172371 0
1729757967357 0.00027991531278114494 0
1729757970791 3.19176498079389e-05 0
1729757974193 0.00024021329616171985 0
1729757977525 9.271276888928188e-05 0
1729757980757 0.00016517597139003752 0
1729757984418 5.409822343741452e-05 0
1729757987939 0.0002057606735301496 0
1729757991333 0.00013786163076594683 0
1729757994794 8.669843909420924e-05 0
1729757999138 0.0001311882160835229 0
1729758002687 0.00015328049935275993 0
1729758005850 0.00016990432974794682 0
1729758009023 0.00022438845318502332 0
1729758012016 5.843045136120528e-05 0
1729758014902 6.893314341521141e-05 0
1729758017779 9.570811980926269e-05 0
1729758020899 7.360691092273934e-05 0
1729758023985 0.00015193703668863514 0
1729758026787 0.00011503699221675769 0
1729758029729 0.0001799656950654387 0
1729758032561 0.0001924642341095283 0
1729758035476 0.00019513713116502574 0
1729758038418 6.0854028330083224e-05 0
1729758041242 0.000139584670429963 0
1729758044044 0.00013784084611235292 0
1729758046760 6.063777042975784e-05 0
1729758049606 0.00013490482996190645 0
1729758052387 0.000194054417240711 0
1729758055240 6.302137643421746e-05 0
1729758058167 0.00012020123379809292 0
1729758061072 0.00020360005370495402 0
1729758063795 0.00018096574531748503 0
1729758066530 0.0001816114034287973 0
1729758069436 9.049419829688742e-05 0
1729758072154 0.00014180322012456766 0
1729758074944 6.740297786293515e-05 0
1729758077823 0.00010969952773581457 0
1729758080667 0.00017244412623373115 0
1729758083644 7.169112792005454e-05 0
1729758086540 8.27191268783247e-05 0
1729758089490 0.00016378346870715143 0
1729758092430 0.00015083665517469263 0
1729758095414 0.00013168989226931225 0
1729758098279 0.00016109634696873099 0
1729758101211 0.00012621180708395489 0
1729758103945 0.0001676078112807729 0
1729758106638 3.968822657144729e-05 0
1729758109522 8.63552731550398e-05 0
1729758112276 9.318116664675457e-05 0
1729758115099 0.00015350286756343545 0
1729758117960 0.00024923065069648787 0
