1729757819958 0.0187062595453926 0
1729757823169 0.010710326059564557 0
1729757826149 0.009879600646076668 0
1729757829199 0.007818517210600982 0
1729757832064 0.013750397890358023 0
1729757835112 0.009477962082331492 0
1729757838136 0.008052610533945377 0
1729757841253 0.007486391618915968 0
1729757844200 0.01291233835003713 0
1729757847188 0.010614237503994147 0
1729757849964 0.012917291358046014 0
1729757852843 0.01528361563694497 0
1729757855912 0.01982085230966637 0
1729757858793 0.00851096333822494 0
1729757861655 0.011433608261718296 0
1729757864596 0.01243942863978568 0
1729757867328 0.012227790781198913 0
1729757870157 0.012365199718498041 0
1729757873061 0.008419083282844813 0
1729757876031 0.011796963939268783 0
1729757878746 0.006015417085657943 0
1729757881713 0.013248655052027741 0
1729757884495 0.014503771296936424 0
1729757887289 0.010747420692181682 0
1729757890294 0.018070600705229953 0
1729757893151 0.006647318871236411 0
1729757896208 0.01058844884355354 0
1729757899142 0.009192618916091681 0
1729757901971 0.01472555605903515 0
1729757904820 0.01191840161212589 0
1729757907724 0.012821149555028798 0
1729757910598 0.008947018734748863 0
1729757913525 0.008033875227870203 0
1729757916349 0.009353028712277847 0
1729757919302 0.009198264304763896 0
1729757922328 0.015394782127306234 0
1729757925157 0.006645162477701786 0
1729757928051 0.00890447204426467 0
1729757930900 0.009292079308518622 0
1729757933769 0.01455302254208344 0
1729757936704 0.009064347926151493 0
1729757940085 0.009728074165108359 0
1729757943469 0.014123450477056005 0
1729757946736 0.015327530649788207 0
1729757950198 0.015228013160431342 0
1729757953482 0.01331051552943162 0
1729757956940 0.011311342311401627 0
1729757960477 0.011188572905106883 0
1729757963916 0.010652147319283737 0
1729757967357 0.016730669824640762 0
1729757970791 0.005649570763158817 0
1729757974193 0.015498815959992552 0
1729757977525 0.009628747005155026 0
1729757980757 0.012852080430422054 0
1729757984418 0.007355149450379273 0
1729757987939 0.014344360338828275 0
1729757991333 0.011741449261737105 0
1729757994794 0.009311199659238826 0
1729757999138 0.011453742448803487 0
1729758002687 0.012380650199111512 0
1729758005850 0.01303473550740278 0
1729758009023 0.014979601235848147 0
1729758012016 0.0076439813815318315 0
1729758014902 0.008302598594127708 0
1729758017779 0.009783052683557555 0
1729758020899 0.008579447005648985 0
1729758023985 0.012326274241985498 0
1729758026787 0.010725529927083215 0
1729758029729 0.013415129334651929 0
1729758032561 0.013873147952412542 0
1729758035476 0.013969149264183045 0
1729758038418 0.0078008992000975904 0
1729758041242 0.011814595652410751 0
1729758044044 0.011740564130924584 0
1729758046760 0.007787025775593519 0
1729758049606 0.011614853850217249 0
1729758052387 0.01393034160531288 0
1729758055240 0.007938600407768202 0
1729758058167 0.01096363232683826 0
1729758061072 0.01426884906728479 0
1729758063795 0.013452350921585603 0
1729758066530 0.013476327520092308 0
1729758069436 0.00951284385958728 0
1729758072154 0.011908115725192112 0
1729758074944 0.008209931660064848 0
1729758077823 0.010473754233120738 0
1729758080667 0.013131798286363188 0
1729758083644 0.008467061350908859 0
1729758086540 0.00909500560078578 0
1729758089490 0.01279779155585648 0
1729758092430 0.01228155752234596 0
1729758095414 0.011475621650669399 0
1729758098279 0.012692373575054075 0
1729758101211 0.011234402836108152 0
1729758103945 0.012946343548692538 0
1729758106638 0.006299859250129902 0
1729758109522 0.009292753798258072 0
1729758112276 0.009653039244028513 0
1729758115099 0.012389627418265468 0
1729758117960 0.015787040593362896 0
