1729757819958 0.6390355993390954 0
1729757823169 0.6623063208908506 0
1729757826149 0.7240220393708292 0
1729757829199 0.7778643154030045 0
1729757832064 0.6221504205679947 0
1729757835112 0.7387926560942069 0
1729757838136 0.7783450756513357 0
1729757841253 0.8488058373142352 0
1729757844200 0.6695059258158689 0
1729757847188 0.734703608060659 0
1729757849964 0.6721842713270108 0
1729757852843 0.5679235607650339 0
1729757855912 0.6510854372121166 0
1729757858793 0.7509733213200777 0
1729757861655 0.7113875232803855 0
1729757864596 0.6602295811093097 0
1729757867328 0.6861928149238781 0
1729757870157 0.6888329296434903 0
1729757873061 0.7570135066030618 0
1729757876031 0.7175883764411668 0
1729757878746 0.9264485489737562 0
1729757881713 0.6392456434651779 0
1729757884495 0.5896565683582102 0
1729757887289 0.6695002384611941 0
1729757890294 0.5255795521268594 0
1729757893151 0.8973202419783122 0
1729757896208 0.694071909004844 0
1729757899142 0.7433012654197906 0
1729757901971 0.5813037867253623 0
1729757904820 0.6849016606907185 0
1729757907724 0.6608140199910092 0
1729757910598 0.7243610730032903 0
1729757913525 0.7804234080469831 0
1729757916349 0.7158658936130144 0
1729757919302 0.7200581035020917 0
1729757922328 0.5690942216725536 0
1729757925157 0.8981155766277414 0
1729757928051 0.7246674930120653 0
1729757930900 0.722132600208725 0
1729757933769 0.5579870994197743 0
1729757936704 0.8167729344332211 0
1729757940085 0.7189835427402944 0
1729757943469 0.6058290002750752 0
1729757946736 0.5706387332687768 0
1729757950198 0.5766351618719037 0
1729757953482 0.640476593692938 0
1729757956940 0.7215540719701208 0
1729757960477 0.7169379445201307 0
1729757963916 0.6745269104482806 0
1729757967357 0.5609511300636184 0
1729757970791 0.8689887738366762 0
1729757974193 0.5750580582305285 0
1729757977525 0.7186839420711277 0
1729757980757 0.6522903151288371 0
1729757984418 0.7994021693744492 0
1729757987939 0.6026225872509059 0
1729757991333 0.6917766852029275 0
1729757994794 0.7198232740211116 0
1729757999138 0.7125828148838168 0
1729758002687 0.6082727499772913 0
1729758005850 0.6466174867180263 0
1729758009023 0.5938386853192452 0
1729758012016 0.7858991061699092 0
1729758014902 0.7742577811206645 0
1729758017779 0.7300950828919278 0
1729758020899 0.7587799272774094 0
1729758023985 0.6206959693503871 0
1729758026787 0.7330264736855561 0
1729758029729 0.641747925925917 0
1729758032561 0.6146639315872127 0
1729758035476 0.6107193440476242 0
1729758038418 0.7911042419186974 0
1729758041242 0.6963430760208287 0
1729758044044 0.6747399060701134 0
1729758046760 0.780894019140621 0
1729758049606 0.6994037343067274 0
1729758052387 0.6164020500141427 0
1729758055240 0.7819768634321012 0
1729758058167 0.6844687740392144 0
1729758061072 0.6052037145197329 0
1729758063795 0.6349361098176621 0
1729758066530 0.6243618840303884 0
1729758069436 0.7483527842825773 0
1729758072154 0.6389805082636221 0
1729758074944 0.7558666852440525 0
1729758077823 0.741612388565172 0
1729758080667 0.6489248176103257 0
1729758083644 0.761518922949109 0
1729758086540 0.80281382869296 0
1729758089490 0.6608404336270545 0
1729758092430 0.6736355172948233 0
1729758095414 0.7033308415931109 0
1729758098279 0.7479562579760939 0
1729758101211 0.7142477014889239 0
1729758103945 0.6481575133048612 0
1729758106638 0.9088488519692288 0
1729758109522 0.7114494403959541 0
1729758112276 0.7046677004938768 0
1729758115099 0.6766677210121621 0
1729758117960 0.5702499021548648 0
